1	250	
0	10	
1	564	
0	1	
1	64	
0	10	
1	628	
0	10	
1	628	
0	11	
1	628	
0	10	
1	628	
0	10	
1	628	
0	10	
1	628	
0	12	
1	626	
0	12	
1	626	
0	12	
1	626	
0	12	
1	626	
0	13	
1	627	
0	11	
1	627	
0	12	
1	494	
0	2	
1	130	
0	12	
1	496	
0	2	
1	42	
0	4	
1	84	
0	12	
1	538	
0	1	
1	3	
0	4	
1	81	
0	11	
1	545	
0	1	
1	80	
0	13	
1	625	
0	15	
1	623	
0	16	
1	622	
0	17	
1	622	
0	15	
1	623	
0	15	
1	624	
0	15	
1	623	
0	15	
1	624	
0	15	
1	625	
0	13	
1	626	
0	12	
1	627	
0	11	
1	627	
0	11	
1	628	
0	10	
1	629	
0	9	
1	629	
0	9	
1	629	
0	10	
1	628	
0	11	
1	627	
0	11	
1	628	
0	10	
1	629	
0	9	
1	628	
0	11	
1	627	
0	12	
1	627	
0	13	
1	624	
0	15	
1	623	
0	16	
1	622	
0	17	
1	622	
0	17	
1	621	
0	18	
1	620	
0	18	
1	619	
0	20	
1	617	
0	21	
1	617	
0	21	
1	617	
0	20	
1	618	
0	21	
1	618	
0	20	
1	618	
0	21	
1	617	
0	22	
1	482	
0	4	
1	132	
0	21	
1	473	
0	3	
1	1	
0	6	
1	134	
0	23	
1	474	
0	1	
1	2	
0	3	
1	135	
0	24	
1	614	
0	25	
1	615	
0	19	
1	619	
0	18	
1	621	
0	17	
1	621	
0	17	
1	620	
0	19	
1	621	
0	18	
1	621	
0	18	
1	620	
0	18	
1	619	
0	20	
1	618	
0	21	
1	618	
0	22	
1	616	
0	23	
1	615	
0	24	
1	614	
0	14	
1	625	
0	12	
1	627	
0	11	
1	627	
0	10	
1	628	
0	11	
1	627	
0	11	
1	628	
0	11	
1	628	
0	11	
1	625	
0	14	
1	625	
0	14	
1	624	
0	15	
1	623	
0	15	
1	623	
0	14	
1	624	
0	14	
1	624	
0	14	
1	625	
0	13	
1	625	
0	14	
1	624	
0	15	
1	624	
0	15	
1	623	
0	16	
1	623	
0	16	
1	623	
0	16	
1	623	
0	15	
1	624	
0	12	
1	626	
0	12	
1	627	
0	11	
1	628	
0	11	
1	579	
0	1	
1	47	
0	11	
1	580	
0	5	
1	42	
0	12	
1	579	
0	8	
1	39	
0	12	
1	579	
0	10	
1	38	
0	11	
1	580	
0	8	
1	39	
0	12	
1	581	
0	11	
1	35	
0	12	
1	581	
0	11	
1	35	
0	13	
1	581	
0	11	
1	33	
0	13	
1	582	
0	11	
1	33	
0	12	
1	584	
0	11	
1	32	
0	12	
1	586	
0	9	
1	31	
0	13	
1	588	
0	8	
1	29	
0	14	
1	589	
0	8	
1	26	
0	16	
1	590	
0	2	
1	29	
0	1	
1	1	
0	16	
1	621	
0	18	
1	621	
0	17	
1	621	
0	16	
1	622	
0	17	
1	610	
0	28	
1	611	
0	27	
1	613	
0	26	
1	614	
0	24	
1	616	
0	22	
1	617	
0	22	
1	618	
0	20	
1	620	
0	19	
1	621	
0	18	
1	621	
0	18	
1	621	
0	18	
1	622	
0	17	
1	623	
0	16	
1	583	
0	1	
1	38	
0	16	
1	583	
0	3	
1	37	
0	16	
1	583	
0	4	
1	35	
0	17	
1	583	
0	5	
1	34	
0	17	
1	583	
0	6	
1	33	
0	17	
1	582	
0	8	
1	33	
0	16	
1	582	
0	9	
1	30	
0	18	
1	581	
0	11	
1	30	
0	17	
1	581	
0	12	
1	29	
0	17	
1	581	
0	13	
1	28	
0	17	
1	580	
0	15	
1	27	
0	18	
1	579	
0	16	
1	26	
0	18	
1	579	
0	17	
1	25	
0	18	
1	579	
0	18	
1	25	
0	17	
1	578	
0	20	
1	23	
0	18	
1	577	
0	22	
1	22	
0	18	
1	577	
0	23	
1	22	
0	16	
1	577	
0	25	
1	21	
0	15	
1	578	
0	26	
1	20	
0	15	
1	577	
0	28	
1	19	
0	15	
1	576	
0	28	
1	20	
0	15	
1	575	
0	28	
1	21	
0	15	
1	573	
0	30	
1	20	
0	17	
1	572	
0	27	
1	23	
0	18	
1	568	
0	30	
1	23	
0	18	
1	566	
0	32	
1	22	
0	19	
1	566	
0	32	
1	22	
0	20	
1	565	
0	32	
1	22	
0	20	
1	565	
0	30	
1	24	
0	21	
1	561	
0	33	
1	24	
0	21	
1	561	
0	31	
1	23	
0	25	
1	559	
0	19	
1	37	
0	25	
1	559	
0	18	
1	37	
0	26	
1	558	
0	17	
1	39	
0	25	
1	555	
0	19	
1	39	
0	27	
1	553	
0	18	
1	42	
0	27	
1	551	
0	17	
1	45	
0	28	
1	546	
0	20	
1	46	
0	28	
1	544	
0	21	
1	47	
0	28	
1	542	
0	22	
1	48	
0	28	
1	540	
0	24	
1	48	
0	28	
1	538	
0	26	
1	48	
0	28	
1	536	
0	27	
1	49	
0	27	
1	536	
0	27	
1	51	
0	26	
1	533	
0	30	
1	51	
0	26	
1	531	
0	31	
1	53	
0	24	
1	486	
0	1	
1	45	
0	31	
1	52	
0	25	
1	486	
0	3	
1	40	
0	33	
1	53	
0	25	
1	486	
0	3	
1	40	
0	32	
1	54	
0	24	
1	487	
0	3	
1	39	
0	33	
1	55	
0	23	
1	487	
0	2	
1	40	
0	31	
1	57	
0	22	
1	488	
0	1	
1	40	
0	23	
1	6	
0	2	
1	57	
0	23	
1	529	
0	23	
1	65	
0	22	
1	530	
0	21	
1	67	
0	22	
1	530	
0	21	
1	66	
0	23	
1	529	
0	20	
1	70	
0	20	
1	530	
0	20	
1	72	
0	18	
1	530	
0	19	
1	75	
0	15	
1	530	
0	19	
1	78	
0	12	
1	531	
0	18	
1	80	
0	10	
1	532	
0	16	
1	83	
0	8	
1	532	
0	16	
1	85	
0	7	
1	532	
0	16	
1	87	
0	4	
1	533	
0	14	
1	89	
0	3	
1	532	
0	15	
1	90	
0	3	
1	532	
0	14	
1	91	
0	3	
1	531	
0	9	
1	97	
0	2	
1	532	
0	4	
1	102	
0	1	
1	531	
0	4	
1	104	
0	1	
1	530	
0	3	
1	106	
0	1	
1	529	
0	3	
1	107	
0	1	
1	528	
0	1	
1	1	
0	1	
1	108	
0	1	
1	528	
0	1	
1	638	
0	1	
1	638	
0	2	
1	638	
0	1	
1	112	
0	1	
1	639	
0	2	
1	638	
0	2	
1	638	
0	3	
1	637	
0	3	
1	637	
0	3	
1	637	
0	4	
1	636	
0	4	
1	466	
0	4	
1	166	
0	3	
1	637	
0	3	
1	637	
0	3	
1	6269	
0	2	
1	638	
0	3	
1	637	
0	3	
1	637	
0	2	
1	636	
0	3	
1	637	
0	3	
1	635	
0	3	
1	636	
0	3	
1	636	
0	3	
1	637	
0	2	
1	636	
0	3	
1	636	
0	3	
1	637	
0	3	
1	636	
0	3	
1	636	
0	4	
1	635	
0	4	
1	634	
0	5	
1	635	
0	3	
1	635	
0	4	
1	635	
0	4	
1	634	
0	5	
1	634	
0	5	
1	632	
0	2	
1	1	
0	4	
1	632	
0	3	
1	1	
0	4	
1	630	
0	9	
1	630	
0	10	
1	629	
0	10	
1	629	
0	8	
1	632	
0	6	
1	632	
0	7	
1	632	
0	6	
1	633	
0	7	
1	630	
0	9	
1	496	
0	4	
1	131	
0	9	
1	492	
0	8	
1	131	
0	8	
1	493	
0	7	
1	130	
0	9	
1	493	
0	7	
1	130	
0	10	
1	496	
0	2	
1	131	
0	10	
1	629	
0	10	
1	630	
0	10	
1	628	
0	11	
1	629	
0	11	
1	627	
0	1	
1	1	
0	8	
1	629	
0	8	
1	630	
0	7	
1	632	
0	6	
1	633	
0	6	
1	633	
0	6	
1	629	
0	10	
1	629	
0	10	
1	629	
0	11	
1	628	
0	11	
1	627	
0	12	
1	627	
0	13	
1	625	
0	14	
1	625	
0	15	
1	623	
0	16	
1	624	
0	16	
1	622	
0	17	
1	621	
0	19	
1	621	
0	18	
1	620	
0	19	
1	619	
0	20	
1	619	
0	20	
1	616	
0	24	
1	615	
0	24	
1	614	
0	26	
1	612	
0	27	
1	613	
0	26	
1	613	
0	26	
1	612	
0	25	
1	614	
0	25	
1	614	
0	24	
1	613	
0	24	
1	616	
0	22	
1	616	
0	22	
1	618	
0	21	
1	617	
0	20	
1	618	
0	19	
1	620	
0	18	
1	618	
0	21	
1	406	
0	7	
1	205	
0	22	
1	402	
0	16	
1	198	
0	23	
1	399	
0	21	
1	195	
0	22	
1	400	
0	23	
1	195	
0	21	
1	397	
0	25	
1	195	
0	22	
1	396	
0	25	
1	196	
0	22	
1	395	
0	24	
1	198	
0	23	
1	393	
0	22	
1	200	
0	24	
1	394	
0	19	
1	202	
0	25	
1	394	
0	16	
1	202	
0	27	
1	395	
0	14	
1	203	
0	27	
1	396	
0	12	
1	204	
0	26	
1	398	
0	11	
1	204	
0	26	
1	399	
0	10	
1	204	
0	25	
1	401	
0	9	
1	203	
0	23	
1	405	
0	9	
1	200	
0	23	
1	408	
0	9	
1	200	
0	19	
1	412	
0	8	
1	200	
0	17	
1	415	
0	8	
1	198	
0	17	
1	416	
0	8	
1	197	
0	17	
1	417	
0	9	
1	196	
0	17	
1	417	
0	9	
1	196	
0	17	
1	417	
0	10	
1	195	
0	17	
1	416	
0	11	
1	194	
0	18	
1	415	
0	13	
1	193	
0	19	
1	414	
0	13	
1	190	
0	2	
1	1	
0	19	
1	415	
0	12	
1	190	
0	22	
1	416	
0	9	
1	194	
0	21	
1	416	
0	5	
1	196	
0	23	
1	613	
0	26	
1	614	
0	26	
1	612	
0	27	
1	611	
0	29	
1	607	
0	33	
1	606	
0	33	
1	605	
0	34	
1	600	
0	1	
1	1	
0	36	
1	600	
0	39	
1	600	
0	39	
1	600	
0	39	
1	601	
0	35	
1	605	
0	34	
1	605	
0	33	
1	607	
0	32	
1	607	
0	32	
1	607	
0	32	
1	608	
0	32	
1	608	
0	32	
1	608	
0	31	
1	609	
0	31	
1	607	
0	32	
1	608	
0	32	
1	607	
0	33	
1	607	
0	33	
1	607	
0	33	
1	604	
0	36	
1	604	
0	22	
1	8	
0	6	
1	604	
0	18	
1	16	
0	1	
1	605	
0	16	
1	613	
0	1	
1	10	
0	14	
1	626	
0	14	
1	608	
0	1	
1	17	
0	14	
1	22	
0	2	
1	584	
0	3	
1	15	
0	14	
1	22	
0	2	
1	576	
0	11	
1	16	
0	11	
1	24	
0	3	
1	575	
0	11	
1	13	
0	14	
1	25	
0	2	
1	575	
0	11	
1	13	
0	13	
1	603	
0	10	
1	15	
0	10	
1	605	
0	10	
1	14	
0	10	
1	606	
0	8	
1	16	
0	5	
1	611	
0	8	
1	16	
0	2	
1	614	
0	8	
1	634	
0	6	
1	14	
0	2	
1	618	
0	6	
1	13	
0	1	
1	620	
0	6	
1	12	
0	1	
1	622	
0	1	
1	2	
0	2	
1	11	
0	1	
1	637	
0	2	
1	638	
0	2	
1	1916	
0	1	
1	639	
0	1	
1	634	
0	2	
1	3	
0	1	
1	636	
0	2	
1	638	
0	2	
1	1916	
0	1	
1	638	
0	1	
1	6897	
0	4	
1	1	
0	1	
1	633	
0	7	
1	630	
0	9	
1	629	
0	11	
1	627	
0	13	
1	624	
0	14	
1	626	
0	13	
1	622	
0	17	
1	617	
0	22	
1	615	
0	24	
1	612	
0	16	
1	2	
0	8	
1	612	
0	16	
1	8	
0	4	
1	609	
0	19	
1	10	
0	2	
1	608	
0	18	
1	622	
0	18	
1	619	
0	19	
1	621	
0	19	
1	620	
0	18	
1	621	
0	18	
1	621	
0	18	
1	619	
0	20	
1	616	
0	23	
1	611	
0	3	
1	2	
0	24	
1	593	
0	12	
1	3	
0	31	
1	591	
0	46	
1	592	
0	46	
1	593	
0	46	
1	594	
0	45	
1	594	
0	46	
1	592	
0	47	
1	593	
0	46	
1	594	
0	44	
1	595	
0	44	
1	595	
0	40	
1	600	
0	32	
1	608	
0	31	
1	609	
0	30	
1	610	
0	28	
1	612	
0	27	
1	613	
0	26	
1	614	
0	25	
1	616	
0	22	
1	243	
0	2	
1	373	
0	21	
1	243	
0	4	
1	372	
0	21	
1	243	
0	4	
1	137	
0	2	
1	234	
0	19	
1	245	
0	3	
1	135	
0	4	
1	5	
0	3	
1	226	
0	18	
1	245	
0	4	
1	132	
0	13	
1	228	
0	17	
1	246	
0	4	
1	131	
0	14	
1	21	
0	3	
1	204	
0	17	
1	246	
0	4	
1	131	
0	13	
1	19	
0	6	
1	204	
0	16	
1	247	
0	4	
1	131	
0	12	
1	18	
0	6	
1	205	
0	15	
1	249	
0	4	
1	130	
0	12	
1	17	
0	8	
1	205	
0	14	
1	250	
0	4	
1	130	
0	11	
1	17	
0	8	
1	206	
0	13	
1	251	
0	4	
1	130	
0	10	
1	17	
0	8	
1	207	
0	13	
1	251	
0	4	
1	130	
0	8	
1	19	
0	7	
1	207	
0	13	
1	252	
0	3	
1	132	
0	1	
1	24	
0	7	
1	208	
0	13	
1	252	
0	3	
1	157	
0	7	
1	206	
0	14	
1	253	
0	3	
1	156	
0	7	
1	206	
0	15	
1	253	
0	3	
1	156	
0	6	
1	207	
0	15	
1	253	
0	3	
1	156	
0	6	
1	206	
0	15	
1	254	
0	3	
1	155	
0	7	
1	205	
0	16	
1	254	
0	4	
1	154	
0	6	
1	205	
0	16	
1	255	
0	4	
1	154	
0	6	
1	202	
0	18	
1	256	
0	4	
1	153	
0	7	
1	202	
0	18	
1	256	
0	3	
1	153	
0	9	
1	200	
0	18	
1	257	
0	3	
1	153	
0	9	
1	200	
0	16	
1	259	
0	3	
1	152	
0	11	
1	197	
0	16	
1	261	
0	3	
1	152	
0	11	
1	197	
0	14	
1	263	
0	3	
1	151	
0	13	
1	195	
0	13	
1	265	
0	3	
1	151	
0	13	
1	195	
0	12	
1	266	
0	3	
1	150	
0	15	
1	193	
0	12	
1	267	
0	3	
1	149	
0	17	
1	190	
0	13	
1	268	
0	3	
1	149	
0	18	
1	189	
0	8	
1	272	
0	4	
1	148	
0	20	
1	188	
0	6	
1	274	
0	4	
1	148	
0	21	
1	187	
0	3	
1	277	
0	4	
1	147	
0	23	
1	186	
0	2	
1	278	
0	4	
1	147	
0	24	
1	185	
0	2	
1	278	
0	4	
1	146	
0	26	
1	184	
0	1	
1	279	
0	4	
1	146	
0	27	
1	175	
0	2	
1	286	
0	4	
1	146	
0	28	
1	173	
0	3	
1	286	
0	4	
1	145	
0	30	
1	171	
0	4	
1	286	
0	4	
1	140	
0	1	
1	4	
0	31	
1	169	
0	4	
1	287	
0	4	
1	142	
0	1	
1	2	
0	32	
1	169	
0	2	
1	288	
0	4	
1	142	
0	1	
1	2	
0	33	
1	458	
0	4	
1	145	
0	34	
1	165	
0	1	
1	291	
0	4	
1	145	
0	35	
1	160	
0	6	
1	290	
0	4	
1	140	
0	1	
1	4	
0	36	
1	159	
0	3	
1	293	
0	3	
1	140	
0	1	
1	5	
0	38	
1	453	
0	3	
1	137	
0	2	
1	1	
0	1	
1	5	
0	39	
1	452	
0	4	
1	136	
0	1	
1	9	
0	39	
1	153	
0	1	
1	297	
0	4	
1	130	
0	2	
1	14	
0	40	
1	450	
0	4	
1	128	
0	1	
1	18	
0	40	
1	449	
0	4	
1	148	
0	40	
1	304	
0	2	
1	141	
0	5	
1	27	
0	3	
1	118	
0	41	
1	302	
0	3	
1	141	
0	5	
1	26	
0	5	
1	111	
0	1	
1	6	
0	42	
1	299	
0	3	
1	142	
0	5	
1	24	
0	9	
1	75	
0	1	
1	33	
0	1	
1	7	
0	42	
1	297	
0	4	
1	142	
0	5	
1	23	
0	10	
1	73	
0	2	
1	34	
0	2	
1	7	
0	42	
1	295	
0	5	
1	142	
0	5	
1	22	
0	12	
1	71	
0	3	
1	34	
0	3	
1	7	
0	42	
1	294	
0	4	
1	143	
0	5	
1	20	
0	15	
1	68	
0	4	
1	35	
0	3	
1	8	
0	42	
1	292	
0	4	
1	144	
0	5	
1	20	
0	16	
1	65	
0	5	
1	36	
0	4	
1	8	
0	42	
1	290	
0	4	
1	145	
0	5	
1	20	
0	16	
1	64	
0	4	
1	39	
0	4	
1	8	
0	43	
1	287	
0	4	
1	146	
0	5	
1	19	
0	17	
1	62	
0	4	
1	32	
0	2	
1	7	
0	5	
1	8	
0	43	
1	285	
0	5	
1	146	
0	6	
1	17	
0	17	
1	59	
0	1	
1	3	
0	3	
1	32	
0	5	
1	6	
0	5	
1	8	
0	42	
1	283	
0	6	
1	147	
0	6	
1	16	
0	17	
1	62	
0	4	
1	33	
0	4	
1	8	
0	5	
1	8	
0	43	
1	282	
0	4	
1	148	
0	6	
1	16	
0	17	
1	59	
0	6	
1	34	
0	6	
1	6	
0	7	
1	7	
0	43	
1	281	
0	3	
1	149	
0	6	
1	15	
0	18	
1	58	
0	5	
1	36	
0	6	
1	7	
0	7	
1	7	
0	43	
1	279	
0	3	
1	150	
0	6	
1	14	
0	18	
1	58	
0	5	
1	36	
0	8	
1	7	
0	7	
1	7	
0	43	
1	277	
0	3	
1	151	
0	6	
1	14	
0	18	
1	57	
0	4	
1	38	
0	5	
1	1	
0	2	
1	8	
0	7	
1	8	
0	42	
1	430	
0	6	
1	13	
0	19	
1	56	
0	3	
1	40	
0	4	
1	2	
0	3	
1	8	
0	7	
1	8	
0	42	
1	429	
0	6	
1	12	
0	19	
1	55	
0	3	
1	41	
0	4	
1	3	
0	4	
1	8	
0	7	
1	8	
0	42	
1	428	
0	6	
1	11	
0	20	
1	54	
0	3	
1	42	
0	4	
1	3	
0	5	
1	8	
0	7	
1	8	
0	42	
1	108	
0	1	
1	159	
0	2	
1	157	
0	5	
1	11	
0	21	
1	52	
0	4	
1	42	
0	5	
1	4	
0	5	
1	8	
0	7	
1	8	
0	42	
1	107	
0	1	
1	159	
0	1	
1	158	
0	5	
1	11	
0	21	
1	51	
0	3	
1	44	
0	5	
1	4	
0	6	
1	8	
0	8	
1	7	
0	42	
1	265	
0	1	
1	159	
0	4	
1	12	
0	20	
1	50	
0	4	
1	45	
0	4	
1	6	
0	5	
1	9	
0	8	
1	7	
0	42	
1	424	
0	3	
1	12	
0	21	
1	49	
0	4	
1	46	
0	4	
1	7	
0	5	
1	10	
0	7	
1	7	
0	43	
1	437	
0	20	
1	49	
0	3	
1	47	
0	6	
1	7	
0	5	
1	10	
0	7	
1	7	
0	42	
1	437	
0	20	
1	48	
0	3	
1	48	
0	6	
1	7	
0	7	
1	9	
0	7	
1	7	
0	43	
1	435	
0	19	
1	47	
0	4	
1	49	
0	7	
1	7	
0	7	
1	9	
0	7	
1	8	
0	42	
1	96	
0	1	
1	337	
0	18	
1	47	
0	3	
1	51	
0	7	
1	8	
0	7	
1	9	
0	8	
1	7	
0	42	
1	93	
0	2	
1	338	
0	18	
1	45	
0	4	
1	52	
0	8	
1	8	
0	7	
1	9	
0	8	
1	7	
0	42	
1	93	
0	3	
1	336	
0	17	
1	45	
0	3	
1	54	
0	8	
1	9	
0	7	
1	9	
0	8	
1	7	
0	42	
1	431	
0	2	
1	1	
0	13	
1	44	
0	4	
1	55	
0	9	
1	9	
0	7	
1	9	
0	8	
1	7	
0	42	
1	430	
0	2	
1	2	
0	11	
1	44	
0	4	
1	46	
0	2	
1	7	
0	11	
1	9	
0	8	
1	9	
0	7	
1	7	
0	42	
1	430	
0	1	
1	4	
0	6	
1	46	
0	4	
1	45	
0	5	
1	6	
0	12	
1	9	
0	8	
1	9	
0	7	
1	7	
0	42	
1	242	
0	1	
1	194	
0	2	
1	45	
0	4	
1	43	
0	9	
1	6	
0	13	
1	9	
0	8	
1	9	
0	7	
1	7	
0	42	
1	482	
0	5	
1	41	
0	11	
1	6	
0	14	
1	9	
0	8	
1	9	
0	7	
1	7	
0	42	
1	480	
0	5	
1	41	
0	12	
1	5	
0	16	
1	9	
0	8	
1	9	
0	8	
1	6	
0	42	
1	75	
0	1	
1	159	
0	3	
1	239	
0	5	
1	39	
0	16	
1	5	
0	17	
1	9	
0	8	
1	9	
0	8	
1	6	
0	42	
1	234	
0	3	
1	238	
0	5	
1	38	
0	18	
1	5	
0	17	
1	10	
0	9	
1	8	
0	8	
1	6	
0	42	
1	231	
0	4	
1	238	
0	4	
1	33	
0	3	
1	2	
0	20	
1	4	
0	19	
1	10	
0	9	
1	9	
0	7	
1	7	
0	41	
1	228	
0	6	
1	236	
0	5	
1	33	
0	26	
1	4	
0	21	
1	9	
0	9	
1	9	
0	7	
1	7	
0	41	
1	226	
0	7	
1	234	
0	6	
1	34	
0	26	
1	4	
0	21	
1	10	
0	9	
1	9	
0	7	
1	7	
0	40	
1	226	
0	6	
1	234	
0	5	
1	32	
0	29	
1	4	
0	24	
1	9	
0	9	
1	9	
0	7	
1	7	
0	40	
1	225	
0	5	
1	233	
0	6	
1	30	
0	32	
1	4	
0	25	
1	10	
0	8	
1	9	
0	8	
1	6	
0	40	
1	224	
0	5	
1	232	
0	6	
1	27	
0	36	
1	4	
0	26	
1	10	
0	8	
1	9	
0	8	
1	7	
0	39	
1	60	
0	1	
1	161	
0	4	
1	231	
0	8	
1	26	
0	38	
1	3	
0	28	
1	10	
0	8	
1	10	
0	7	
1	7	
0	39	
1	220	
0	4	
1	232	
0	7	
1	23	
0	42	
1	3	
0	29	
1	10	
0	8	
1	10	
0	7	
1	7	
0	39	
1	218	
0	4	
1	231	
0	8	
1	23	
0	42	
1	4	
0	30	
1	10	
0	8	
1	10	
0	7	
1	7	
0	39	
1	54	
0	1	
1	160	
0	5	
1	231	
0	8	
1	19	
0	47	
1	4	
0	32	
1	9	
0	9	
1	9	
0	7	
1	7	
0	39	
1	52	
0	2	
1	162	
0	1	
1	231	
0	8	
1	20	
0	48	
1	4	
0	33	
1	9	
0	9	
1	9	
0	7	
1	7	
0	38	
1	52	
0	2	
1	393	
0	8	
1	11	
0	2	
1	2	
0	53	
1	4	
0	35	
1	9	
0	9	
1	9	
0	7	
1	7	
0	38	
1	49	
0	4	
1	391	
0	8	
1	3	
0	1	
1	6	
0	60	
1	4	
0	36	
1	9	
0	9	
1	9	
0	7	
1	7	
0	38	
1	48	
0	3	
1	391	
0	8	
1	8	
0	63	
1	4	
0	37	
1	9	
0	9	
1	9	
0	8	
1	6	
0	38	
1	45	
0	5	
1	390	
0	9	
1	5	
0	66	
1	3	
0	39	
1	9	
0	9	
1	9	
0	8	
1	7	
0	36	
1	45	
0	5	
1	251	
0	1	
1	136	
0	81	
1	4	
0	40	
1	10	
0	9	
1	9	
0	7	
1	7	
0	36	
1	42	
0	6	
1	247	
0	7	
1	93	
0	1	
1	40	
0	82	
1	4	
0	41	
1	10	
0	9	
1	9	
0	7	
1	7	
0	36	
1	40	
0	7	
1	238	
0	5	
1	3	
0	6	
1	134	
0	84	
1	4	
0	42	
1	10	
0	9	
1	8	
0	8	
1	8	
0	35	
1	39	
0	6	
1	385	
0	85	
1	4	
0	44	
1	10	
0	9	
1	8	
0	8	
1	8	
0	35	
1	37	
0	7	
1	139	
0	3	
1	101	
0	2	
1	138	
0	87	
1	4	
0	46	
1	9	
0	9	
1	9	
0	7	
1	8	
0	35	
1	35	
0	7	
1	138	
0	2	
1	100	
0	4	
1	112	
0	2	
1	25	
0	88	
1	4	
0	47	
1	9	
0	9	
1	9	
0	7	
1	8	
0	35	
1	33	
0	8	
1	135	
0	2	
1	64	
0	3	
1	2	
0	1	
1	31	
0	3	
1	115	
0	5	
1	19	
0	90	
1	5	
0	48	
1	9	
0	9	
1	9	
0	7	
1	8	
0	34	
1	33	
0	7	
1	134	
0	1	
1	8	
0	4	
1	6	
0	1	
1	46	
0	3	
1	24	
0	6	
1	129	
0	5	
1	2	
0	7	
1	3	
0	24	
1	4	
0	64	
1	6	
0	48	
1	9	
0	9	
1	9	
0	7	
1	8	
0	35	
1	30	
0	7	
1	133	
0	2	
1	7	
0	2	
1	2	
0	16	
1	35	
0	3	
1	15	
0	3	
1	5	
0	4	
1	140	
0	3	
1	2	
0	4	
1	1	
0	95	
1	5	
0	50	
1	9	
0	9	
1	9	
0	7	
1	8	
0	34	
1	29	
0	8	
1	131	
0	3	
1	4	
0	8	
1	4	
0	10	
1	2	
0	3	
1	32	
0	2	
1	16	
0	1	
1	156	
0	99	
1	5	
0	52	
1	9	
0	9	
1	9	
0	8	
1	6	
0	35	
1	28	
0	6	
1	132	
0	4	
1	3	
0	15	
1	13	
0	3	
1	6	
0	2	
1	184	
0	1	
1	10	
0	99	
1	6	
0	53	
1	9	
0	3	
1	1	
0	5	
1	9	
0	8	
1	7	
0	34	
1	27	
0	5	
1	131	
0	3	
1	3	
0	14	
1	19	
0	3	
1	203	
0	97	
1	6	
0	54	
1	9	
0	9	
1	9	
0	8	
1	6	
0	35	
1	25	
0	4	
1	131	
0	4	
1	2	
0	13	
1	26	
0	1	
1	2	
0	1	
1	1	
0	2	
1	193	
0	99	
1	5	
0	56	
1	9	
0	9	
1	9	
0	8	
1	6	
0	35	
1	23	
0	2	
1	133	
0	17	
1	31	
0	9	
1	188	
0	97	
1	1	
0	1	
1	5	
0	57	
1	10	
0	9	
1	9	
0	8	
1	6	
0	34	
1	23	
0	2	
1	131	
0	18	
1	32	
0	9	
1	186	
0	101	
1	8	
0	48	
1	1	
0	7	
1	9	
0	9	
1	9	
0	8	
1	6	
0	34	
1	21	
0	1	
1	132	
0	11	
1	1	
0	3	
1	31	
0	1	
1	2	
0	1	
1	2	
0	8	
1	175	
0	4	
1	4	
0	95	
1	2	
0	3	
1	10	
0	59	
1	9	
0	9	
1	9	
0	8	
1	6	
0	34	
1	151	
0	13	
1	34	
0	1	
1	5	
0	9	
1	181	
0	96	
1	17	
0	11	
1	3	
0	32	
1	1	
0	2	
1	19	
0	9	
1	9	
0	7	
1	7	
0	34	
1	148	
0	16	
1	4	
0	2	
1	21	
0	1	
1	11	
0	1	
1	3	
0	5	
1	180	
0	94	
1	8	
0	1	
1	8	
0	27	
1	30	
0	2	
1	17	
0	5	
1	9	
0	7	
1	7	
0	34	
1	146	
0	13	
1	3	
0	16	
1	8	
0	6	
1	4	
0	1	
1	1	
0	2	
1	8	
0	2	
1	178	
0	91	
1	24	
0	7	
1	3	
0	2	
1	40	
0	8	
1	13	
0	6	
1	11	
0	7	
1	7	
0	34	
1	143	
0	35	
1	2	
0	4	
1	8	
0	6	
1	9	
0	2	
1	20	
0	3	
1	154	
0	87	
1	13	
0	10	
1	5	
0	3	
1	1	
0	8	
1	47	
0	6	
1	13	
0	1	
1	1	
0	3	
1	9	
0	7	
1	7	
0	33	
1	142	
0	43	
1	7	
0	2	
1	1	
0	3	
1	9	
0	4	
1	3	
0	3	
1	9	
0	6	
1	152	
0	86	
1	14	
0	9	
1	9	
0	4	
1	26	
0	1	
1	2	
0	5	
1	4	
0	1	
1	2	
0	2	
1	15	
0	3	
1	10	
0	8	
1	9	
0	7	
1	6	
0	34	
1	139	
0	20	
1	2	
0	2	
1	10	
0	13	
1	1	
0	6	
1	11	
0	7	
1	1	
0	9	
1	1	
0	2	
1	2	
0	1	
1	152	
0	8	
1	2	
0	78	
1	8	
0	2	
1	4	
0	2	
1	2	
0	6	
1	26	
0	2	
1	1	
0	7	
1	15	
0	2	
1	33	
0	8	
1	9	
0	7	
1	6	
0	34	
1	137	
0	16	
1	3	
0	5	
1	1	
0	28	
1	6	
0	27	
1	153	
0	85	
1	12	
0	1	
1	4	
0	3	
1	1	
0	6	
1	53	
0	8	
1	2	
0	6	
1	20	
0	7	
1	10	
0	7	
1	6	
0	34	
1	135	
0	14	
1	9	
0	30	
1	4	
0	1	
1	1	
0	2	
1	5	
0	15	
1	24	
0	1	
1	132	
0	79	
1	16	
0	1	
1	6	
0	8	
1	24	
0	3	
1	4	
0	4	
1	17	
0	2	
1	1	
0	2	
1	3	
0	12	
1	23	
0	2	
1	2	
0	3	
1	8	
0	8	
1	6	
0	34	
1	132	
0	15	
1	3	
0	2	
1	1	
0	26	
1	6	
0	3	
1	3	
0	5	
1	2	
0	15	
1	20	
0	1	
1	4	
0	4	
1	129	
0	69	
1	3	
0	5	
1	5	
0	3	
1	13	
0	8	
1	53	
0	5	
1	1	
0	10	
1	14	
0	6	
1	11	
0	3	
1	3	
0	1	
1	9	
0	8	
1	6	
0	34	
1	130	
0	8	
1	1	
0	40	
1	4	
0	20	
1	2	
0	3	
1	2	
0	1	
1	12	
0	5	
1	2	
0	1	
1	1	
0	3	
1	2	
0	2	
1	1	
0	4	
1	123	
0	65	
1	1	
0	10	
1	4	
0	6	
1	8	
0	6	
1	1	
0	6	
1	25	
0	1	
1	27	
0	1	
1	2	
0	13	
1	4	
0	6	
1	2	
0	2	
1	7	
0	2	
1	13	
0	2	
1	2	
0	1	
1	9	
0	8	
1	6	
0	34	
1	126	
0	8	
1	1	
0	41	
1	4	
0	18	
1	7	
0	1	
1	1	
0	4	
1	1	
0	1	
1	5	
0	2	
1	4	
0	22	
1	118	
0	85	
1	8	
0	8	
1	1	
0	4	
1	61	
0	1	
1	5	
0	2	
1	1	
0	10	
1	7	
0	1	
1	23	
0	3	
1	9	
0	8	
1	6	
0	33	
1	126	
0	7	
1	1	
0	48	
1	3	
0	9	
1	11	
0	9	
1	9	
0	7	
1	3	
0	2	
1	5	
0	10	
1	112	
0	84	
1	10	
0	10	
1	4	
0	3	
1	49	
0	3	
1	1	
0	1	
1	6	
0	5	
1	2	
0	6	
1	8	
0	1	
1	29	
0	1	
1	9	
0	8	
1	6	
0	33	
1	123	
0	7	
1	1	
0	51	
1	3	
0	5	
1	14	
0	10	
1	5	
0	7	
1	8	
0	4	
1	4	
0	10	
1	103	
0	3	
1	2	
0	4	
1	1	
0	5	
1	1	
0	50	
1	1	
0	16	
1	2	
0	3	
1	10	
0	8	
1	4	
0	4	
1	59	
0	6	
1	5	
0	1	
1	10	
0	4	
1	2	
0	2	
1	3	
0	3	
1	30	
0	8	
1	6	
0	33	
1	120	
0	8	
1	1	
0	8	
1	1	
0	51	
1	8	
0	3	
1	2	
0	41	
1	7	
0	2	
1	1	
0	7	
1	89	
0	13	
1	2	
0	58	
1	5	
0	9	
1	13	
0	8	
1	5	
0	4	
1	43	
0	9	
1	6	
0	1	
1	19	
0	13	
1	7	
0	2	
1	17	
0	2	
1	9	
0	8	
1	6	
0	33	
1	116	
0	9	
1	1	
0	6	
1	2	
0	34	
1	3	
0	17	
1	2	
0	4	
1	3	
0	5	
1	2	
0	42	
1	16	
0	4	
1	15	
0	10	
1	55	
0	66	
1	1	
0	4	
1	3	
0	8	
1	1	
0	10	
1	6	
0	8	
1	6	
0	3	
1	42	
0	8	
1	2	
0	1	
1	13	
0	1	
1	1	
0	1	
1	11	
0	6	
1	36	
0	1	
1	9	
0	7	
1	7	
0	32	
1	115	
0	13	
1	3	
0	48	
1	2	
0	3	
1	1	
0	10	
1	9	
0	46	
1	19	
0	4	
1	5	
0	7	
1	2	
0	3	
1	47	
0	2	
1	8	
0	6	
1	5	
0	54	
1	1	
0	2	
1	4	
0	16	
1	11	
0	2	
1	8	
0	3	
1	37	
0	2	
1	2	
0	9	
1	1	
0	2	
1	73	
0	2	
1	8	
0	8	
1	6	
0	32	
1	113	
0	1	
1	1	
0	11	
1	2	
0	45	
1	2	
0	2	
1	5	
0	76	
1	1	
0	1	
1	8	
0	24	
1	1	
0	3	
1	7	
0	5	
1	4	
0	6	
1	14	
0	9	
1	2	
0	2	
1	5	
0	4	
1	2	
0	53	
1	11	
0	13	
1	9	
0	1	
1	55	
0	4	
1	76	
0	8	
1	9	
0	7	
1	7	
0	32	
1	110	
0	60	
1	4	
0	147	
1	3	
0	4	
1	1	
0	11	
1	5	
0	1	
1	3	
0	3	
1	1	
0	18	
1	1	
0	33	
1	10	
0	2	
1	10	
0	2	
1	11	
0	3	
1	3	
0	2	
1	48	
0	2	
1	80	
0	8	
1	9	
0	7	
1	7	
0	32	
1	109	
0	190	
1	3	
0	2	
1	2	
0	3	
1	15	
0	9	
1	7	
0	63	
1	7	
0	15	
1	14	
0	7	
1	132	
0	8	
1	9	
0	7	
1	7	
0	31	
1	107	
0	221	
1	8	
0	62	
1	10	
0	17	
1	91	
0	3	
1	61	
0	7	
1	9	
0	7	
1	7	
0	30	
1	106	
0	289	
1	8	
0	20	
1	157	
0	8	
1	9	
0	7	
1	7	
0	29	
1	104	
0	108	
1	9	
0	172	
1	5	
0	7	
1	1	
0	14	
1	11	
0	4	
1	146	
0	8	
1	9	
0	7	
1	7	
0	28	
1	104	
0	106	
1	13	
0	120	
1	1	
0	40	
1	1	
0	6	
1	5	
0	9	
1	1	
0	12	
1	10	
0	5	
1	149	
0	8	
1	9	
0	7	
1	7	
0	27	
1	102	
0	108	
1	11	
0	11	
1	6	
0	81	
1	1	
0	11	
1	5	
0	43	
1	4	
0	6	
1	5	
0	10	
1	2	
0	8	
1	12	
0	6	
1	151	
0	8	
1	9	
0	7	
1	7	
0	26	
1	101	
0	109	
1	10	
0	16	
1	5	
0	19	
1	2	
0	35	
1	8	
0	39	
1	2	
0	58	
1	2	
0	7	
1	11	
0	2	
1	124	
0	4	
1	18	
0	3	
1	9	
0	8	
1	9	
0	7	
1	7	
0	25	
1	101	
0	109	
1	9	
0	19	
1	10	
0	29	
1	29	
0	9	
1	3	
0	64	
1	5	
0	16	
1	3	
0	5	
1	129	
0	5	
1	4	
0	4	
1	19	
0	3	
1	9	
0	9	
1	8	
0	7	
1	8	
0	24	
1	101	
0	104	
1	2	
0	4	
1	8	
0	22	
1	9	
0	22	
1	35	
0	12	
1	1	
0	60	
1	6	
0	16	
1	4	
0	2	
1	126	
0	15	
1	21	
0	7	
1	8	
0	9	
1	8	
0	8	
1	7	
0	23	
1	97	
0	108	
1	2	
0	4	
1	8	
0	24	
1	13	
0	2	
1	4	
0	3	
1	48	
0	64	
1	6	
0	18	
1	130	
0	12	
1	2	
0	2	
1	22	
0	8	
1	9	
0	9	
1	8	
0	7	
1	8	
0	22	
1	96	
0	108	
1	4	
0	3	
1	8	
0	27	
1	72	
0	56	
1	6	
0	20	
1	125	
0	4	
1	3	
0	8	
1	28	
0	11	
1	8	
0	9	
1	8	
0	7	
1	7	
0	22	
1	96	
0	107	
1	5	
0	4	
1	6	
0	23	
1	3	
0	2	
1	76	
0	50	
1	5	
0	23	
1	123	
0	11	
1	35	
0	11	
1	8	
0	8	
1	9	
0	7	
1	7	
0	21	
1	95	
0	90	
1	2	
0	16	
1	5	
0	4	
1	6	
0	23	
1	87	
0	24	
1	4	
0	13	
1	6	
0	12	
1	2	
0	8	
1	123	
0	10	
1	38	
0	12	
1	9	
0	8	
1	9	
0	7	
1	7	
0	20	
1	94	
0	93	
1	2	
0	14	
1	6	
0	2	
1	7	
0	21	
1	91	
0	19	
1	4	
0	13	
1	6	
0	23	
1	121	
0	2	
1	2	
0	12	
1	36	
0	13	
1	9	
0	8	
1	9	
0	7	
1	7	
0	19	
1	93	
0	91	
1	4	
0	14	
1	7	
0	1	
1	8	
0	20	
1	95	
0	31	
1	6	
0	23	
1	122	
0	12	
1	38	
0	17	
1	9	
0	8	
1	9	
0	7	
1	7	
0	18	
1	92	
0	89	
1	2	
0	1	
1	4	
0	14	
1	7	
0	1	
1	1	
0	1	
1	1	
0	1	
1	3	
0	20	
1	99	
0	3	
1	2	
0	20	
1	7	
0	15	
1	1	
0	7	
1	118	
0	15	
1	39	
0	20	
1	9	
0	8	
1	8	
0	8	
1	7	
0	17	
1	91	
0	59	
1	5	
0	2	
1	2	
0	1	
1	1	
0	4	
1	4	
0	4	
1	3	
0	6	
1	1	
0	2	
1	2	
0	15	
1	7	
0	1	
1	1	
0	3	
1	3	
0	7	
1	1	
0	11	
1	104	
0	18	
1	8	
0	14	
1	1	
0	8	
1	115	
0	17	
1	41	
0	22	
1	8	
0	9	
1	8	
0	8	
1	7	
0	16	
1	90	
0	58	
1	18	
0	2	
1	4	
0	3	
1	3	
0	7	
1	2	
0	15	
1	7	
0	2	
1	1	
0	2	
1	3	
0	19	
1	105	
0	15	
1	8	
0	15	
1	3	
0	6	
1	114	
0	10	
1	1	
0	5	
1	42	
0	25	
1	8	
0	9	
1	8	
0	7	
1	8	
0	15	
1	89	
0	63	
1	8	
0	2	
1	4	
0	2	
1	5	
0	3	
1	4	
0	5	
1	2	
0	16	
1	9	
0	20	
1	1	
0	2	
1	110	
0	7	
1	9	
0	24	
1	111	
0	15	
1	46	
0	29	
1	8	
0	9	
1	8	
0	7	
1	8	
0	14	
1	87	
0	1	
1	1	
0	58	
1	16	
0	1	
1	6	
0	2	
1	4	
0	2	
1	4	
0	22	
1	8	
0	20	
1	122	
0	27	
1	112	
0	8	
1	1	
0	7	
1	48	
0	29	
1	9	
0	9	
1	8	
0	7	
1	8	
0	13	
1	87	
0	60	
1	2	
0	3	
1	21	
0	3	
1	1	
0	3	
1	3	
0	17	
1	1	
0	1	
1	1	
0	1	
1	9	
0	1	
1	1	
0	15	
1	1	
0	2	
1	119	
0	27	
1	109	
0	8	
1	7	
0	1	
1	49	
0	5	
1	2	
0	27	
1	8	
0	9	
1	9	
0	7	
1	8	
0	12	
1	86	
0	69	
1	2	
0	4	
1	15	
0	5	
1	3	
0	13	
1	1	
0	4	
1	11	
0	1	
1	2	
0	12	
1	127	
0	21	
1	110	
0	8	
1	6	
0	1	
1	51	
0	36	
1	8	
0	9	
1	9	
0	7	
1	8	
0	11	
1	85	
0	70	
1	18	
0	1	
1	2	
0	21	
1	1	
0	2	
1	1	
0	1	
1	11	
0	2	
1	1	
0	5	
1	134	
0	16	
1	112	
0	8	
1	58	
0	40	
1	8	
0	9	
1	9	
0	7	
1	8	
0	10	
1	84	
0	74	
1	20	
0	22	
1	1	
0	1	
1	9	
0	1	
1	2	
0	2	
1	1	
0	3	
1	136	
0	11	
1	113	
0	8	
1	55	
0	3	
1	2	
0	42	
1	8	
0	9	
1	8	
0	8	
1	8	
0	9	
1	83	
0	80	
1	16	
0	3	
1	2	
0	13	
1	1	
0	2	
1	1	
0	2	
1	8	
0	1	
1	2	
0	2	
1	1	
0	4	
1	137	
0	7	
1	112	
0	7	
1	57	
0	2	
1	3	
0	45	
1	8	
0	9	
1	8	
0	7	
1	8	
0	9	
1	82	
0	48	
1	2	
0	4	
1	10	
0	3	
1	3	
0	10	
1	1	
0	4	
1	12	
0	3	
1	2	
0	13	
1	5	
0	1	
1	11	
0	1	
1	3	
0	3	
1	139	
0	4	
1	6	
0	2	
1	103	
0	4	
1	24	
0	1	
1	35	
0	3	
1	2	
0	47	
1	9	
0	8	
1	9	
0	7	
1	8	
0	8	
1	81	
0	47	
1	7	
0	6	
1	4	
0	7	
1	2	
0	5	
1	1	
0	3	
1	2	
0	5	
1	10	
0	2	
1	3	
0	10	
1	1	
0	1	
1	5	
0	1	
1	13	
0	1	
1	1	
0	3	
1	147	
0	2	
1	171	
0	51	
1	9	
0	8	
1	9	
0	7	
1	8	
0	7	
1	80	
0	43	
1	13	
0	7	
1	3	
0	3	
1	5	
0	8	
1	6	
0	6	
1	6	
0	4	
1	1	
0	9	
1	2	
0	1	
1	1	
0	1	
1	3	
0	1	
1	16	
0	2	
1	48	
0	5	
1	94	
0	1	
1	167	
0	57	
1	9	
0	8	
1	9	
0	7	
1	8	
0	6	
1	79	
0	44	
1	3	
0	1	
1	1	
0	5	
1	7	
0	10	
1	5	
0	2	
1	3	
0	2	
1	6	
0	2	
1	3	
0	5	
1	2	
0	3	
1	2	
0	9	
1	4	
0	1	
1	3	
0	1	
1	18	
0	1	
1	46	
0	7	
1	91	
0	2	
1	165	
0	3	
1	1	
0	57	
1	9	
0	8	
1	8	
0	8	
1	8	
0	5	
1	79	
0	36	
1	6	
0	1	
1	6	
0	2	
1	4	
0	17	
1	6	
0	1	
1	2	
0	8	
1	2	
0	3	
1	3	
0	8	
1	1	
0	9	
1	4	
0	1	
1	4	
0	1	
1	64	
0	8	
1	216	
0	2	
1	38	
0	2	
1	2	
0	6	
1	2	
0	51	
1	8	
0	9	
1	8	
0	8	
1	7	
0	5	
1	79	
0	37	
1	3	
0	1	
1	13	
0	3	
1	7	
0	1	
1	6	
0	1	
1	12	
0	4	
1	1	
0	2	
1	5	
0	9	
1	1	
0	9	
1	4	
0	1	
1	69	
0	10	
1	105	
0	6	
1	97	
0	4	
1	14	
0	1	
1	27	
0	8	
1	2	
0	54	
1	8	
0	9	
1	8	
0	7	
1	8	
0	4	
1	78	
0	39	
1	3	
0	1	
1	2	
0	6	
1	2	
0	2	
1	24	
0	3	
1	4	
0	10	
1	4	
0	6	
1	2	
0	5	
1	1	
0	2	
1	4	
0	1	
1	70	
0	9	
1	38	
0	6	
1	3	
0	4	
1	50	
0	10	
1	138	
0	1	
1	2	
0	9	
1	2	
0	55	
1	9	
0	8	
1	9	
0	7	
1	8	
0	3	
1	77	
0	42	
1	4	
0	3	
1	34	
0	4	
1	5	
0	5	
1	2	
0	1	
1	2	
0	12	
1	2	
0	2	
1	3	
0	1	
1	4	
0	1	
1	65	
0	9	
1	38	
0	14	
1	46	
0	10	
1	108	
0	2	
1	29	
0	1	
1	3	
0	8	
1	2	
0	58	
1	9	
0	8	
1	9	
0	7	
1	8	
0	2	
1	77	
0	40	
1	2	
0	6	
1	9	
0	3	
1	26	
0	3	
1	1	
0	1	
1	1	
0	7	
1	1	
0	15	
1	2	
0	1	
1	3	
0	1	
1	4	
0	1	
1	65	
0	9	
1	40	
0	10	
1	45	
0	11	
1	108	
0	2	
1	28	
0	13	
1	3	
0	60	
1	9	
0	8	
1	8	
0	8	
1	7	
0	2	
1	76	
0	38	
1	37	
0	1	
1	14	
0	2	
1	2	
0	2	
1	2	
0	4	
1	2	
0	12	
1	2	
0	1	
1	8	
0	1	
1	66	
0	7	
1	41	
0	7	
1	48	
0	10	
1	137	
0	79	
1	9	
0	8	
1	8	
0	7	
1	8	
0	1	
1	75	
0	38	
1	55	
0	3	
1	3	
0	18	
1	11	
0	1	
1	67	
0	5	
1	35	
0	1	
1	1	
0	9	
1	52	
0	7	
1	138	
0	1	
1	3	
0	11	
1	2	
0	64	
1	8	
0	8	
1	9	
0	7	
1	83	
0	36	
1	20	
0	4	
1	36	
0	4	
1	1	
0	17	
1	10	
0	1	
1	68	
0	2	
1	37	
0	10	
1	54	
0	4	
1	130	
0	4	
1	4	
0	2	
1	1	
0	81	
1	8	
0	8	
1	8	
0	8	
1	81	
0	34	
1	68	
0	1	
1	1	
0	15	
1	1	
0	1	
1	1	
0	2	
1	5	
0	1	
1	106	
0	10	
1	194	
0	88	
1	8	
0	8	
1	8	
0	8	
1	79	
0	39	
1	1	
0	1	
1	27	
0	2	
1	3	
0	1	
1	29	
0	19	
1	1	
0	2	
1	112	
0	10	
1	153	
0	2	
1	32	
0	48	
1	1	
0	46	
1	9	
0	8	
1	8	
0	8	
1	78	
0	43	
1	27	
0	1	
1	2	
0	4	
1	26	
0	19	
1	2	
0	1	
1	66	
0	3	
1	43	
0	9	
1	184	
0	49	
1	3	
0	48	
1	9	
0	8	
1	8	
0	7	
1	77	
0	46	
1	2	
0	1	
1	18	
0	1	
1	7	
0	5	
1	25	
0	1	
1	1	
0	16	
1	3	
0	1	
1	64	
0	5	
1	38	
0	13	
1	182	
0	43	
1	3	
0	2	
1	3	
0	52	
1	9	
0	7	
1	9	
0	7	
1	75	
0	48	
1	9	
0	1	
1	19	
0	6	
1	23	
0	1	
1	3	
0	15	
1	2	
0	1	
1	63	
0	7	
1	37	
0	12	
1	182	
0	3	
1	1	
0	21	
1	2	
0	12	
1	5	
0	3	
1	3	
0	55	
1	8	
0	8	
1	8	
0	8	
1	74	
0	49	
1	32	
0	3	
1	26	
0	10	
1	1	
0	4	
1	66	
0	7	
1	38	
0	11	
1	180	
0	6	
1	4	
0	30	
1	2	
0	4	
1	4	
0	58	
1	8	
0	8	
1	8	
0	7	
1	73	
0	50	
1	2	
0	2	
1	3	
0	1	
1	4	
0	2	
1	20	
0	4	
1	20	
0	1	
1	3	
0	9	
1	1	
0	4	
1	65	
0	7	
1	39	
0	10	
1	181	
0	2	
1	3	
0	35	
1	2	
0	2	
1	4	
0	60	
1	9	
0	7	
1	9	
0	7	
1	72	
0	45	
1	11	
0	5	
1	1	
0	5	
1	19	
0	6	
1	16	
0	1	
1	3	
0	1	
1	1	
0	7	
1	1	
0	3	
1	66	
0	7	
1	36	
0	1	
1	2	
0	10	
1	179	
0	24	
1	1	
0	14	
1	8	
0	64	
1	8	
0	8	
1	9	
0	7	
1	70	
0	42	
1	27	
0	1	
1	4	
0	1	
1	8	
0	1	
1	5	
0	3	
1	1	
0	2	
1	15	
0	1	
1	3	
0	13	
1	65	
0	8	
1	35	
0	12	
1	76	
0	1	
1	97	
0	2	
1	3	
0	23	
1	1	
0	15	
1	9	
0	65	
1	8	
0	8	
1	8	
0	8	
1	69	
0	40	
1	22	
0	2	
1	7	
0	5	
1	15	
0	5	
1	14	
0	1	
1	3	
0	10	
1	1	
0	2	
1	65	
0	8	
1	32	
0	15	
1	173	
0	2	
1	3	
0	22	
1	1	
0	15	
1	9	
0	68	
1	8	
0	8	
1	8	
0	7	
1	66	
0	44	
1	2	
0	1	
1	13	
0	5	
1	2	
0	8	
1	2	
0	6	
1	3	
0	1	
1	8	
0	7	
1	15	
0	10	
1	1	
0	2	
1	65	
0	8	
1	28	
0	19	
1	73	
0	1	
1	98	
0	2	
1	3	
0	21	
1	1	
0	15	
1	8	
0	72	
1	8	
0	8	
1	8	
0	6	
1	62	
0	2	
1	1	
0	47	
1	5	
0	2	
1	10	
0	2	
1	2	
0	3	
1	1	
0	5	
1	5	
0	9	
1	5	
0	8	
1	11	
0	1	
1	2	
0	11	
1	1	
0	1	
1	66	
0	7	
1	29	
0	17	
1	139	
0	2	
1	3	
0	5	
1	22	
0	2	
1	4	
0	14	
1	2	
0	1	
1	4	
0	16	
1	7	
0	74	
1	9	
0	8	
1	8	
0	5	
1	61	
0	56	
1	8	
0	3	
1	6	
0	4	
1	1	
0	5	
1	5	
0	10	
1	7	
0	5	
1	9	
0	1	
1	2	
0	11	
1	1	
0	1	
1	67	
0	6	
1	29	
0	17	
1	141	
0	5	
1	29	
0	30	
1	1	
0	7	
1	7	
0	1	
1	1	
0	74	
1	8	
0	8	
1	8	
0	5	
1	60	
0	59	
1	9	
0	2	
1	6	
0	12	
1	5	
0	8	
1	5	
0	8	
1	10	
0	11	
1	1	
0	1	
1	67	
0	5	
1	29	
0	17	
1	141	
0	2	
1	26	
0	1	
1	3	
0	31	
1	1	
0	2	
1	16	
0	74	
1	8	
0	8	
1	8	
0	4	
1	58	
0	60	
1	7	
0	2	
1	1	
0	8	
1	1	
0	16	
1	2	
0	6	
1	2	
0	2	
1	3	
0	6	
1	10	
0	9	
1	1	
0	1	
1	70	
0	4	
1	29	
0	16	
1	169	
0	1	
1	3	
0	13	
1	2	
0	20	
1	12	
0	79	
1	8	
0	8	
1	8	
0	3	
1	57	
0	59	
1	4	
0	34	
1	2	
0	6	
1	2	
0	10	
1	3	
0	1	
1	1	
0	1	
1	1	
0	1	
1	2	
0	9	
1	1	
0	2	
1	71	
0	2	
1	29	
0	1	
1	5	
0	10	
1	121	
0	2	
1	4	
0	9	
1	36	
0	4	
1	4	
0	2	
1	4	
0	17	
1	1	
0	2	
1	13	
0	80	
1	9	
0	7	
1	9	
0	2	
1	57	
0	57	
1	1	
0	4	
1	2	
0	3	
1	1	
0	39	
1	1	
0	2	
1	2	
0	4	
1	2	
0	1	
1	3	
0	2	
1	1	
0	14	
1	103	
0	5	
1	2	
0	6	
1	128	
0	7	
1	36	
0	12	
1	1	
0	3	
1	1	
0	15	
1	16	
0	83	
1	8	
0	8	
1	9	
0	1	
1	58	
0	57	
1	3	
0	1	
1	2	
0	46	
1	2	
0	7	
1	3	
0	15	
1	1	
0	1	
1	103	
0	12	
1	1	
0	1	
1	170	
0	3	
1	1	
0	8	
1	1	
0	1	
1	3	
0	13	
1	16	
0	86	
1	8	
0	8	
1	8	
0	1	
1	58	
0	66	
1	2	
0	42	
1	1	
0	8	
1	1	
0	16	
1	1	
0	1	
1	5	
0	1	
1	97	
0	12	
1	1	
0	1	
1	168	
0	11	
1	3	
0	17	
1	3	
0	2	
1	10	
0	89	
1	8	
0	8	
1	68	
0	117	
1	2	
0	2	
1	1	
0	12	
1	105	
0	14	
1	79	
0	3	
1	12	
0	1	
1	1	
0	4	
1	65	
0	11	
1	1	
0	20	
1	16	
0	90	
1	9	
0	8	
1	68	
0	56	
1	5	
0	56	
1	1	
0	2	
1	1	
0	12	
1	106	
0	13	
1	73	
0	4	
1	2	
0	4	
1	10	
0	6	
1	55	
0	1	
1	5	
0	1	
1	5	
0	7	
1	2	
0	20	
1	15	
0	94	
1	8	
0	8	
1	68	
0	131	
1	1	
0	1	
1	78	
0	1	
1	28	
0	13	
1	71	
0	26	
1	53	
0	1	
1	13	
0	2	
1	2	
0	24	
1	15	
0	97	
1	8	
0	8	
1	64	
0	1	
1	2	
0	131	
1	1	
0	1	
1	78	
0	1	
1	28	
0	13	
1	70	
0	25	
1	52	
0	3	
1	8	
0	6	
1	6	
0	20	
1	4	
0	1	
1	11	
0	99	
1	8	
0	8	
1	63	
0	125	
1	1	
0	8	
1	1	
0	1	
1	77	
0	2	
1	28	
0	13	
1	69	
0	24	
1	4	
0	2	
1	1	
0	3	
1	57	
0	2	
1	3	
0	3	
1	2	
0	17	
1	16	
0	102	
1	8	
0	9	
1	63	
0	1	
1	1	
0	121	
1	1	
0	8	
1	2	
0	1	
1	77	
0	2	
1	29	
0	12	
1	66	
0	27	
1	7	
0	6	
1	48	
0	17	
1	1	
0	14	
1	16	
0	104	
1	8	
0	8	
1	63	
0	132	
1	1	
0	2	
1	75	
0	3	
1	31	
0	11	
1	66	
0	30	
1	8	
0	4	
1	41	
0	11	
1	1	
0	20	
1	1	
0	2	
1	17	
0	106	
1	8	
0	8	
1	62	
0	63	
1	1	
0	71	
1	75	
0	3	
1	31	
0	11	
1	65	
0	31	
1	11	
0	1	
1	4	
0	1	
1	32	
0	13	
1	2	
0	15	
1	5	
0	2	
1	18	
0	6	
1	1	
0	101	
1	8	
0	8	
1	62	
0	60	
1	6	
0	66	
1	1	
0	1	
1	74	
0	3	
1	33	
0	10	
1	64	
0	31	
1	18	
0	2	
1	13	
0	3	
1	2	
0	3	
1	2	
0	35	
1	5	
0	3	
1	17	
0	3	
1	3	
0	104	
1	9	
0	8	
1	57	
0	1	
1	3	
0	67	
1	2	
0	50	
1	1	
0	10	
1	1	
0	1	
1	1	
0	2	
1	73	
0	2	
1	34	
0	11	
1	63	
0	33	
1	18	
0	1	
1	13	
0	2	
1	2	
0	11	
1	3	
0	26	
1	3	
0	3	
1	18	
0	2	
1	3	
0	2	
1	1	
0	104	
1	8	
0	8	
1	57	
0	1	
1	3	
0	119	
1	1	
0	10	
1	1	
0	1	
1	2	
0	1	
1	110	
0	9	
1	63	
0	26	
1	3	
0	2	
1	2	
0	3	
1	18	
0	1	
1	13	
0	9	
1	3	
0	32	
1	24	
0	111	
1	8	
0	8	
1	58	
0	92	
1	2	
0	39	
1	3	
0	1	
1	111	
0	8	
1	62	
0	30	
1	5	
0	3	
1	31	
0	3	
1	1	
0	34	
1	28	
0	113	
1	9	
0	7	
1	58	
0	73	
1	1	
0	59	
1	1	
0	1	
1	1	
0	1	
1	111	
0	8	
1	62	
0	30	
1	2	
0	1	
1	40	
0	32	
1	24	
0	120	
1	8	
0	7	
1	57	
0	74	
1	2	
0	54	
1	1	
0	3	
1	1	
0	3	
1	111	
0	8	
1	60	
0	37	
1	42	
0	26	
1	27	
0	10	
1	2	
0	108	
1	8	
0	6	
1	57	
0	79	
1	1	
0	58	
1	111	
0	8	
1	60	
0	42	
1	40	
0	20	
1	31	
0	119	
1	9	
0	5	
1	57	
0	3	
1	1	
0	76	
1	3	
0	3	
1	1	
0	67	
1	95	
0	7	
1	61	
0	44	
1	4	
0	2	
1	78	
0	125	
1	8	
0	5	
1	57	
0	3	
1	1	
0	75	
1	1	
0	3	
1	3	
0	5	
1	2	
0	61	
1	95	
0	7	
1	61	
0	44	
1	5	
0	4	
1	72	
0	129	
1	8	
0	4	
1	57	
0	2	
1	2	
0	83	
1	1	
0	5	
1	3	
0	57	
1	97	
0	7	
1	61	
0	44	
1	5	
0	8	
1	64	
0	12	
1	4	
0	1	
1	1	
0	114	
1	9	
0	3	
1	57	
0	2	
1	2	
0	149	
1	97	
0	7	
1	60	
0	49	
1	3	
0	9	
1	57	
0	3	
1	1	
0	11	
1	4	
0	118	
1	8	
0	3	
1	57	
0	91	
1	1	
0	60	
1	99	
0	6	
1	59	
0	63	
1	3	
0	1	
1	49	
0	141	
1	8	
0	2	
1	57	
0	95	
1	1	
0	2	
1	1	
0	53	
1	99	
0	6	
1	58	
0	66	
1	51	
0	12	
1	3	
0	1	
1	2	
0	123	
1	9	
0	1	
1	57	
0	89	
1	2	
0	60	
1	101	
0	5	
1	58	
0	73	
1	59	
0	127	
1	8	
0	1	
1	54	
0	94	
1	3	
0	56	
1	103	
0	3	
1	59	
0	78	
1	30	
0	6	
1	4	
0	6	
1	2	
0	3	
1	6	
0	125	
1	63	
0	95	
1	2	
0	55	
1	104	
0	2	
1	59	
0	81	
1	20	
0	3	
1	1	
0	15	
1	1	
0	1	
1	2	
0	13	
1	4	
0	120	
1	62	
0	98	
1	4	
0	50	
1	165	
0	75	
1	1	
0	6	
1	12	
0	34	
1	2	
0	6	
1	3	
0	3	
1	2	
0	10	
1	2	
0	3	
1	7	
0	95	
1	59	
0	154	
1	166	
0	116	
1	1	
0	7	
1	5	
0	3	
1	1	
0	1	
1	5	
0	4	
1	3	
0	10	
1	19	
0	87	
1	58	
0	154	
1	166	
0	112	
1	1	
0	13	
1	2	
0	2	
1	9	
0	17	
1	1	
0	2	
1	25	
0	79	
1	57	
0	1	
1	2	
0	151	
1	167	
0	108	
1	3	
0	17	
1	14	
0	2	
1	3	
0	4	
1	42	
0	69	
1	54	
0	1	
1	1	
0	155	
1	167	
0	82	
1	1	
0	23	
1	2	
0	4	
1	5	
0	1	
1	85	
0	60	
1	53	
0	156	
1	167	
0	116	
1	94	
0	55	
1	49	
0	153	
1	4	
0	2	
1	167	
0	102	
1	3	
0	18	
1	93	
0	49	
1	43	
0	158	
1	174	
0	108	
1	112	
0	46	
1	40	
0	158	
1	7	
0	1	
1	168	
0	107	
1	1	
0	4	
1	114	
0	40	
1	36	
0	160	
1	9	
0	1	
1	168	
0	114	
1	116	
0	37	
1	31	
0	162	
1	11	
0	1	
1	167	
0	104	
1	4	
0	1	
1	126	
0	33	
1	29	
0	164	
1	11	
0	1	
1	167	
0	25	
1	4	
0	77	
1	134	
0	29	
1	26	
0	166	
1	10	
0	2	
1	167	
0	25	
1	13	
0	66	
1	139	
0	26	
1	22	
0	170	
1	9	
0	2	
1	165	
0	29	
1	19	
0	45	
1	3	
0	9	
1	146	
0	21	
1	18	
0	175	
1	8	
0	2	
1	167	
0	27	
1	22	
0	6	
1	11	
0	25	
1	3	
0	5	
1	155	
0	16	
1	15	
0	178	
1	7	
0	3	
1	168	
0	28	
1	228	
0	13	
1	12	
0	181	
1	7	
0	3	
1	168	
0	29	
1	232	
0	8	
1	11	
0	183	
1	5	
0	4	
1	167	
0	30	
1	236	
0	4	
1	8	
0	186	
1	4	
0	5	
1	167	
0	30	
1	239	
0	1	
1	4	
0	191	
1	3	
0	4	
1	167	
0	31	
1	243	
0	192	
1	1	
0	6	
1	160	
0	1	
1	2	
0	2	
1	1	
0	34	
1	238	
0	196	
1	1	
0	6	
1	160	
0	1	
1	2	
0	36	
1	238	
0	203	
1	163	
0	38	
1	16	
0	1	
1	11	
0	8	
1	18	
0	5	
1	3	
0	11	
1	163	
0	203	
1	163	
0	39	
1	3	
0	2	
1	6	
0	8	
1	1	
0	13	
1	2	
0	16	
1	2	
0	2	
1	180	
0	203	
1	162	
0	59	
1	2	
0	6	
1	4	
0	16	
1	188	
0	203	
1	162	
0	6	
1	2	
0	61	
1	6	
0	4	
1	196	
0	203	
1	159	
0	56	
1	1	
0	21	
1	200	
0	204	
1	157	
0	80	
1	199	
0	204	
1	156	
0	85	
1	195	
0	204	
1	156	
0	76	
1	204	
0	204	
1	153	
0	73	
1	210	
0	204	
1	153	
0	77	
1	206	
0	205	
1	151	
0	81	
1	6	
0	6	
1	191	
0	204	
1	146	
0	2	
1	2	
0	65	
1	8	
0	11	
1	7	
0	5	
1	190	
0	204	
1	143	
0	1	
1	2	
0	70	
1	4	
0	2	
1	4	
0	3	
1	207	
0	204	
1	141	
0	75	
1	220	
0	174	
1	1	
0	30	
1	139	
0	75	
1	221	
0	206	
1	134	
0	82	
1	218	
0	206	
1	130	
0	88	
1	216	
0	207	
1	127	
0	88	
1	2	
0	1	
1	215	
0	210	
1	121	
0	87	
1	6	
0	3	
1	213	
0	183	
1	1	
0	27	
1	117	
0	90	
1	222	
0	183	
1	1	
0	36	
1	2	
0	5	
1	96	
0	93	
1	224	
0	219	
1	101	
0	96	
1	1	
0	1	
1	222	
0	184	
1	1	
0	35	
1	86	
0	5	
1	3	
0	1	
1	2	
0	96	
1	5	
0	1	
1	221	
0	179	
1	1	
0	45	
1	78	
0	6	
1	1	
0	106	
1	224	
0	229	
1	72	
0	108	
1	2	
0	3	
1	226	
0	232	
1	64	
0	125	
1	219	
0	241	
1	50	
0	143	
1	206	
0	245	
1	43	
0	143	
1	209	
0	256	
1	1	
0	2	
1	24	
0	132	
1	225	
0	405	
1	235	
0	405	
1	235	
0	405	
1	235	
0	405	
1	235	
0	406	
1	234	
0	406	
1	234	
0	405	
1	235	
0	403	
1	237	
0	403	
1	237	
0	403	
1	237	
0	403	
1	10	
0	1	
1	226	
0	404	
1	236	
0	404	
1	236	
0	405	
1	235	
0	405	
1	235	
0	404	
1	236	
0	404	
1	236	
0	403	
1	237	
0	404	
1	236	
0	403	
1	237	
0	403	
1	237	
0	402	
1	238	
0	401	
1	239	
0	400	
1	240	
0	400	
1	240	
0	400	
1	240	
0	401	
1	239	
0	402	
1	238	
0	402	
1	238	
0	396	
1	4	
0	1	
1	239	
0	396	
1	244	
0	396	
1	244	
0	398	
1	242	
0	401	
1	239	
0	398	
1	4	
0	2	
1	236	
0	399	
1	3	
0	2	
1	236	
0	400	
1	1	
0	4	
1	2	
0	1	
1	1	
0	2	
1	229	
0	400	
1	1	
0	10	
1	229	
0	411	
1	229	
0	410	
1	230	
0	415	
1	225	
0	415	
1	3	
0	4	
1	32	
0	32	
1	154	
0	412	
1	4	
0	3	
1	1	
0	15	
1	12	
0	48	
1	145	
0	426	
1	14	
0	40	
1	2	
0	22	
1	136	
0	425	
1	7	
0	40	
1	16	
0	20	
1	132	
0	470	
1	27	
0	18	
1	125	
0	480	
1	4	
0	4	
1	12	
0	17	
1	123	
0	511	
1	3	
0	7	
1	119	
0	525	
1	115	
0	528	
1	112	
0	531	
1	109	
0	533	
1	107	
0	536	
1	104	
0	541	
1	99	
0	542	
1	98	
0	516	
1	2	
0	9	
1	1	
0	2	
1	1	
0	14	
1	95	
0	528	
1	4	
0	16	
1	92	
0	553	
1	87	
0	541	
1	4	
0	11	
1	84	
0	541	
1	8	
0	8	
1	83	
0	533	
1	2	
0	6	
1	9	
0	2	
1	5	
0	3	
1	80	
0	532	
1	3	
0	1	
1	1	
0	5	
1	8	
0	2	
1	6	
0	4	
1	75	
0	534	
1	21	
0	2	
1	6	
0	3	
1	72	
0	537	
1	101	
0	545	
1	1	
0	1	
1	17	
0	2	
1	7	
0	2	
1	63	
0	550	
1	17	
0	2	
1	6	
0	4	
1	58	
0	539	
1	6	
0	8	
1	19	
0	1	
1	7	
0	3	
1	55	
0	542	
1	9	
0	3	
1	30	
0	1	
1	52	
0	16	
1	1	
0	531	
1	90	
0	18	
1	1	
0	520	
1	5	
0	7	
1	33	
0	1	
1	6	
0	2	
1	44	
0	20	
1	2	
0	523	
1	5	
0	2	
1	2	
0	4	
1	31	
0	1	
1	5	
0	1	
1	42	
0	21	
1	3	
0	509	
1	3	
0	14	
1	47	
0	2	
1	39	
0	22	
1	4	
0	518	
1	2	
0	8	
1	46	
0	2	
1	36	
0	24	
1	4	
0	520	
1	3	
0	8	
1	43	
0	1	
1	34	
0	26	
1	5	
0	522	
1	6	
0	5	
1	41	
0	1	
1	32	
0	27	
1	6	
0	522	
1	54	
0	1	
1	27	
0	30	
1	6	
0	525	
1	11	
0	1	
1	39	
0	1	
1	25	
0	31	
1	7	
0	528	
1	72	
0	32	
1	7	
0	528	
1	1	
0	2	
1	67	
0	35	
1	7	
0	527	
1	59	
0	2	
1	8	
0	36	
1	7	
0	539	
1	38	
0	3	
1	5	
0	5	
1	4	
0	38	
1	8	
0	540	
1	32	
0	1	
1	3	
0	4	
1	3	
0	49	
1	7	
0	544	
1	29	
0	59	
1	7	
0	546	
1	26	
0	61	
1	7	
0	552	
1	18	
0	62	
1	7	
0	560	
1	2	
0	71	
1	7	
0	632	
1	7	
0	633	
1	7	
0	632	
1	7	
0	633	
1	7	
0	632	
1	8	
0	632	
1	7	
0	7	
1	1	
0	624	
1	8	
0	7	
1	1	
0	624	
1	7	
0	8	
1	1	
0	623	
1	8	
0	7	
1	2	
0	623	
1	7	
0	8	
1	2	
0	622	
1	7	
0	8	
1	3	
0	622	
1	7	
0	8	
1	3	
0	621	
1	7	
0	8	
1	4	
0	621	
1	7	
0	8	
1	4	
0	620	
1	7	
0	8	
1	5	
0	620	
1	7	
0	7	
1	6	
0	619	
1	7	
0	8	
1	6	
0	618	
1	8	
0	7	
1	7	
0	618	
1	7	
0	8	
1	7	
0	617	
1	7	
0	8	
1	7	
0	618	
1	7	
0	8	
1	7	
0	617	
1	7	
0	8	
1	7	
0	618	
1	7	
0	7	
1	8	
0	617	
1	7	
0	8	
1	7	
0	618	
1	6	
0	8	
1	7	
0	618	
1	7	
0	8	
1	7	
0	618	
1	6	
0	8	
1	7	
0	618	
1	7	
0	8	
1	7	
0	618	
1	6	
0	8	
1	7	
0	618	
1	7	
0	7	
1	8	
0	618	
1	6	
0	8	
1	7	
0	618	
1	6	
0	8	
1	7	
0	7	
1	1	
0	611	
1	6	
0	8	
1	7	
0	6	
1	2	
0	610	
1	6	
0	8	
1	7	
0	7	
1	2	
0	610	
1	6	
0	8	
1	7	
0	6	
1	3	
0	610	
1	5	
0	8	
1	7	
0	7	
1	3	
0	609	
1	6	
0	8	
1	6	
0	7	
1	4	
0	608	
1	6	
0	8	
1	7	
0	7	
1	4	
0	608	
1	5	
0	8	
1	7	
0	7	
1	5	
0	608	
1	5	
0	8	
1	7	
0	6	
1	6	
0	607	
1	5	
0	8	
1	7	
0	7	
1	6	
0	607	
1	4	
0	9	
1	6	
0	7	
1	6	
0	608	
1	3	
0	9	
1	7	
0	6	
1	6	
0	610	
1	2	
0	8	
1	7	
0	7	
1	6	
0	620	
1	6	
0	7	
1	6	
0	620	
1	7	
0	7	
1	5	
0	620	
1	7	
0	7	
1	6	
0	620	
1	6	
0	7	
1	6	
0	620	
1	7	
0	7	
1	6	
0	620	
1	6	
0	7	
1	6	
0	620	
1	6	
0	8	
1	5	
0	621	
1	6	
0	7	
1	6	
0	620	
1	6	
0	7	
1	6	
0	621	
1	5	
0	8	
1	6	
0	620	
1	6	
0	7	
1	6	
0	621	
1	5	
0	8	
1	6	
0	621	
1	5	
0	7	
1	6	
0	621	
1	5	
0	8	
1	6	
0	621	
1	4	
0	8	
1	6	
0	621	
1	5	
0	8	
1	5	
0	622	
1	4	
0	8	
1	6	
0	621	
1	5	
0	8	
1	5	
0	622	
1	4	
0	8	
1	6	
0	621	
1	4	
0	9	
1	5	
0	622	
1	4	
0	8	
1	6	
0	621	
1	4	
0	9	
1	5	
0	622	
1	4	
0	8	
1	6	
0	621	
1	4	
0	9	
1	5	
0	622	
1	3	
0	9	
1	6	
0	622	
1	3	
0	9	
1	5	
0	623	
1	3	
0	8	
1	6	
0	623	
1	2	
0	8	
1	6	
0	634	
1	6	
0	634	
1	5	
0	634	
1	5	
0	635	
1	5	
0	634	
1	5	
0	635	
1	5	
0	634	
1	5	
0	635	
1	5	
0	634	
1	5	
0	635	
1	5	
0	634	
1	5	
0	635	
1	4	
0	635	
1	5	
0	635	
1	4	
0	635	
1	4	
0	636	
1	4	
0	635	
1	4	
0	636	
1	4	
0	636	
1	3	
0	636	
1	4	
0	636	
1	3	
0	637	
1	2	
0	637	
1	3	
0	637	
1	2	
0	639	
1	1	
0	9631	
1	1	
0	639	
1	1	
0	639	
1	1	
0	638	
1	2	
0	637	
1	3	
0	636	
1	4	
0	635	
1	5	
0	635	
1	5	
0	634	
1	6	
0	634	
1	6	
0	591	
1	1	
0	41	
1	7	
0	589	
1	3	
0	40	
1	8	
0	589	
1	3	
0	39	
1	9	
0	590	
1	1	
0	39	
1	10	
0	630	
1	10	
0	629	
1	11	
0	586	
1	3	
0	39	
1	12	
0	586	
1	3	
0	38	
1	13	
0	584	
1	5	
0	38	
1	13	
0	584	
1	4	
0	38	
1	14	
0	583	
1	5	
0	38	
1	14	
0	582	
1	5	
0	37	
1	16	
0	571	
1	2	
0	9	
1	4	
0	38	
1	16	
0	571	
1	2	
0	8	
1	5	
0	38	
1	16	
0	555	
1	3	
0	10	
1	5	
0	7	
1	5	
0	39	
1	16	
0	568	
1	4	
0	7	
1	5	
0	39	
1	17	
0	568	
1	3	
0	8	
1	4	
0	39	
1	18	
0	568	
1	3	
0	7	
1	5	
0	39	
1	18	
0	565	
1	2	
0	2	
1	1	
0	7	
1	5	
0	40	
1	18	
0	564	
1	5	
0	8	
1	4	
0	41	
1	18	
0	564	
1	5	
0	7	
1	4	
0	41	
1	19	
0	563	
1	5	
0	7	
1	5	
0	41	
1	19	
0	563	
1	5	
0	7	
1	4	
0	41	
1	20	
0	562	
1	5	
0	7	
1	4	
0	42	
1	20	
0	561	
1	6	
0	6	
1	5	
0	42	
1	20	
0	561	
1	5	
0	6	
1	5	
0	42	
1	21	
0	561	
1	4	
0	7	
1	4	
0	43	
1	21	
0	562	
1	2	
0	7	
1	5	
0	43	
1	21	
0	571	
1	4	
0	43	
1	22	
0	570	
1	5	
0	43	
1	22	
0	570	
1	4	
0	43	
1	23	
0	569	
1	4	
0	43	
1	24	
0	569	
1	4	
0	43	
1	24	
0	569	
1	3	
0	44	
1	24	
0	569	
1	2	
0	44	
1	25	
0	614	
1	26	
0	613	
1	27	
0	613	
1	27	
0	612	
1	28	
0	565	
1	2	
0	44	
1	29	
0	564	
1	3	
0	43	
1	30	
0	564	
1	2	
0	43	
1	31	
0	563	
1	3	
0	42	
1	32	
